400.588743805
375.667430212
439.081728087
412.709412081
512.123386655
419.424522901
422.912779226
419.597000555
397.686534566
496.678465126
447.906325774
404.496183027
365.731250566
389.17996746
469.869340788
444.217176051
432.30869674
394.167324279
428.398636028
483.936785289
439.332482203
400.959371116
452.360440813
371.589914655
487.90027218
358.855761711
458.774178455
408.943798789
443.344736438
414.093183249
429.926002396
406.045923976
392.912500235
399.023941435
418.113470006
417.223852773
465.235441031
403.573627681
461.414321725
376.443197146
424.165636494
419.833846524
405.358817048
411.106358399
459.537283194
436.332392099
441.463448579
382.68549262
405.810309237
473.841557314
534.421655382
424.79622623
412.905937428
404.326884557
395.203532497
435.714857938
479.38886627
591.471783859
904.475548344
1282.25715379
1686.29718617
2105.56397297
2630.63339705
3195.68597426
3852.23355566
5017.50204063
6254.05976968
7511.30247724
8695.05862378
10124.6405356
11995.1647469
13530.5645628
15361.8168684
17433.1615437
19346.4944589
21658.0387717
24016.1548198
26330.4564264
28791.6067523
31159.1136141
33805.324954
36101.6212414
38500.8875045
40777.3675396
42949.6174484
44728.4822089
46496.085102
48211.9544843
49550.7265631
50842.8961007
51744.7718434
53000.5908101
53893.6072737
54600.6021805
55344.0142074
55953.0226361
56416.6458223
57113.6972998
57481.7095662
57606.82895
57683.5695445
57735.2915246
56065.2221812
55950.2140217
55452.9673727
55019.0888665
54959.6040354
53858.8142936
52563.5282952
50743.6234784
48846.5425038
46540.1258124
44189.714875
41263.8521368
38556.4827916
35672.0079089
33060.7889391
30129.4991542
27581.6196185
24936.9876998
22303.2843437
19866.3623029
17841.4682135
15705.761211
13863.5307806
12211.5844937
10412.4476317
8872.94121565
7673.60958319
6495.48236719
5154.84912693
4060.68792105
3401.15362921
2812.73246798
2253.67471138
1750.38764305
1316.00014975
959.896760529
674.635907854
535.390391574
439.008077523
448.306570449
409.059291365
438.91175741
478.435731054
426.421229858
405.416451503
495.658689771
442.558036763
427.069796762
431.101886659
477.927807624
430.875371884
519.111386929
432.04174545
404.369435542
477.852271065
442.035263937
397.863595256
384.80113863
457.452780847
428.244505227
491.613171666
359.711838348
395.430851172
508.511533347
386.711956136
522.189384336
424.268507949
439.994212
459.550240285
471.641840634
406.146970439
421.097080408
400.60476207
440.898776217
459.988902587
415.111936396
428.603633142
500.713570861
451.47777521
461.338866957
459.749692946
468.96018908
481.172995675
449.005469252
404.388825517
421.013387839
439.064037736
453.193878431
416.786454649
431.159155352
427.29852017
384.676147523
374.604681231
467.042523465
