44.125
44.6056518555
45.0863037109
45.5669555664
46.0476074219
46.5282592773
47.0089111328
47.4895629883
47.9702148438
48.4508666992
48.9315185547
49.4121704102
49.8928222656
50.3734741211
50.8541259766
51.334777832
51.8154296875
52.296081543
52.7767333984
53.2573852539
53.7380371094
54.2186889648
54.6993408203
55.1799926758
55.6606445312
56.1412963867
56.6219482422
57.1026000977
57.5832519531
58.0639038086
58.5445556641
59.0252075195
59.505859375
59.9865112305
60.4671630859
60.9478149414
61.4284667969
61.9091186523
62.3897705078
62.8704223633
63.3510742188
63.8317260742
64.3123779297
64.7930297852
65.2736816406
65.7543334961
66.2349853516
66.715637207
67.1962890625
67.676940918
68.1575927734
68.6382446289
69.1188964844
69.5995483398
70.0802001953
70.5608520508
71.0415039062
71.5221557617
72.0028076172
72.4834594727
72.9641113281
73.4447631836
73.9254150391
74.4060668945
74.88671875
75.3673706055
75.8480224609
76.3286743164
76.8093261719
77.2899780273
77.7706298828
78.2512817383
78.7319335938
79.2125854492
79.6932373047
80.1738891602
80.6545410156
81.1351928711
81.6158447266
82.096496582
82.5771484375
83.057800293
83.5384521484
84.0191040039
84.4997558594
84.9804077148
85.4610595703
85.9417114258
86.4223632812
86.9030151367
87.3836669922
87.8643188477
88.3449707031
88.8256225586
89.3062744141
89.7869262695
90.267578125
90.7482299805
91.2288818359
91.7095336914
92.1901855469
92.6708374023
93.1514892578
93.6321411133
94.1127929688
94.5934448242
95.0740966797
95.5547485352
96.0354003906
96.5160522461
96.9967041016
97.477355957
97.9580078125
98.438659668
98.9193115234
99.3999633789
99.8806152344
100.36126709
100.841918945
101.322570801
101.803222656
102.283874512
102.764526367
103.245178223
103.725830078
104.206481934
104.687133789
105.167785645
105.6484375
106.129089355
106.609741211
107.090393066
107.571044922
108.051696777
108.532348633
109.013000488
109.493652344
109.974304199
110.454956055
110.93560791
111.416259766
111.896911621
112.377563477
112.858215332
113.338867188
113.819519043
114.300170898
114.780822754
115.261474609
115.742126465
116.22277832
116.703430176
117.184082031
117.664733887
118.145385742
118.626037598
119.106689453
119.587341309
120.067993164
120.54864502
121.029296875
121.50994873
121.990600586
122.471252441
122.951904297
123.432556152
123.913208008
124.393859863
124.874511719
125.355163574
125.83581543
126.316467285
126.797119141
127.277770996
127.758422852
128.239074707
128.719726562
129.200378418
129.681030273
130.161682129
130.642333984
131.12298584
131.603637695
132.084289551
132.564941406
133.045593262
133.526245117
134.006896973
134.487548828
134.968200684
135.448852539
135.929504395
136.41015625
136.890808105
137.371459961
137.852111816
