355.045751801
354.387823606
332.522099159
353.697082572
333.086483865
359.915669216
345.862794443
339.58903525
368.166219915
340.876051406
346.00323977
353.294818044
345.17900488
323.263580439
361.654157659
368.108792093
343.613030059
354.031151463
332.915833623
325.99025917
342.289338236
347.079034099
347.782219772
348.052598909
327.141898086
354.509388891
372.662437651
347.182303786
351.286045602
347.205195835
348.932957655
364.627257102
335.625887914
369.843448842
346.500673167
363.20195496
381.504685216
345.599108254
365.108134663
350.266913321
348.787134373
351.090573898
350.489606826
349.279830934
344.076524339
355.373195433
352.765300656
347.7488834
336.469083786
341.177940424
333.51055695
361.812572172
336.577722203
323.059694618
339.492696938
375.402571982
391.061375659
488.774412496
824.72129028
1023.97888757
1430.16826203
1884.14110826
2306.21532453
2601.76045693
2885.5734834
3153.9804163
3582.35338346
4354.16174411
5667.8938949
7045.71839693
8030.47793366
8912.60953999
10534.6021354
12360.3119526
13698.2049898
15565.9734385
17844.0098079
19618.5775547
22303.4339004
24424.1975053
27176.3560267
29506.3672067
32428.2167992
34652.6020477
37455.64155
39785.9125773
42256.325292
44446.6162574
46362.0219867
48456.195507
49948.555949
51438.6035011
52639.1646662
53680.7859975
54695.3031563
55243.0253858
55583.0600364
55817.7914039
56031.2505256
56058.978458
55509.9217992
55187.3156526
53386.1858233
52707.7355034
51475.5409508
50170.1064278
49742.519265
48192.2691703
45965.633981
43917.4514748
41677.1498012
39166.9164778
36623.9531987
34013.0903391
31530.9537394
28829.7638786
26432.5983136
23915.1522523
21802.0030325
19315.8670558
17617.2494612
15357.3132933
13643.0401932
12427.4547965
10543.3005707
8981.70702296
8095.73873727
7169.7378707
5776.68493867
4530.98351333
3692.3652368
3221.32421055
2936.57634569
2629.43618894
2335.71764025
1886.67059841
1479.46640682
998.48528211
654.848019219
441.931873133
376.068192291
354.955821977
352.52254502
346.243961284
336.342372189
362.648553781
329.174436046
339.298829262
349.933569656
351.455747175
365.735823199
353.921638292
333.913346328
356.791299492
322.979076998
344.810951435
347.089150719
332.19855503
371.254076073
327.921928096
342.222067843
357.632513875
349.621823304
340.885377911
334.470127841
332.828958746
343.604352099
341.296225107
343.961544652
345.490116836
334.789269841
349.431628898
369.382522816
337.313463907
335.314977788
357.518377072
347.133717601
335.315275379
330.150976279
350.199211205
350.919133814
350.054225552
342.091279213
344.683580359
335.75322831
347.26663421
317.366734969
364.686764412
336.324758144
335.956723625
344.916314208
347.481468162
345.415051652
358.789997423
347.826830193
348.017124898
