0.194073
0.380766
0.552981
0.704168
0.828578
0.921481
0.979343
0.999966
0.982563
0.927798
0.837753
0.715851
0.566729
0.396056
0.210323
0.016592
-0.177770
-0.365372
-0.539080
-0.692290
-0.819174
-0.914909
-0.975853
-0.999690
-0.985513
-0.933861
-0.846698
-0.727338
-0.580321
-0.411237
-0.226515
-0.033179
0.161418
0.349877
0.525032
0.680221
0.809545
0.908086
0.972095
0.999140
0.988191
0.939666
0.855409
0.738625
0.593753
0.426304
0.242644
0.049757
-0.145021
-0.334286
-0.510838
-0.667966
-0.799693
-0.901012
-0.968069
-0.998314
-0.990598
-0.945213
-0.863885
-0.749708
-0.607022
-0.441254
-0.258707
-0.066322
0.128585
0.318602
0.496504
0.655526
0.789621
0.893691
0.963776
0.997214
0.992731
0.950499
0.872124
0.760585
0.620124
0.456083
0.274698
0.082868
-0.112113
-0.302831
-0.482034
-0.642906
-0.779332
-0.886123
-0.959218
-0.995839
-0.994591
-0.955524
-0.880122
-0.771252
-0.633055
-0.470786
-0.290614
-0.099392
0.095610
0.286976
0.467430
0.630109
0.768828
0.878312
0.954396
0.994190
0.996178
0.960285
0.887877
0.781707
0.645812
0.485359
0.306450
0.115888
-0.079081
-0.271043
-0.452698
-0.617139
-0.758113
-0.870258
-0.949312
-0.992267
-0.997490
-0.964783
-0.895389
-0.791947
-0.658391
-0.499799
-0.322201
-0.132352
0.062530
0.255035
0.437841
0.603999
0.747188
0.861965
0.943966
0.990071
0.998527
0.969014
0.902654
0.801969
0.670788
0.514101
0.337864
0.148779
-0.045962
-0.238957
-0.422864
-0.590692
-0.736058
-0.853435
-0.938360
-0.987602
-0.999290
-0.972979
-0.909670
-0.811770
-0.683001
-0.528261
-0.353434
-0.165166
0.029382
0.222812
0.407770
0.577223
0.724726
0.844670
0.932495
0.984862
0.999778
0.976676
0.916436
0.821347
0.695026
0.542276
0.368906
0.181507
-0.012793
-0.206607
-0.392565
-0.563595
-0.713193
-0.835672
-0.926374
-0.981850
-0.999990
-0.980104
-0.922950
-0.830699
-0.706860
-0.556142
-0.384277
-0.197799
-0.003799
0.190345
0.377251
0.549811
0.701465
0.826445
0.919998
0.978568
0.999927
0.983263
0.929209
0.839822
0.718499
0.569855
0.399542
0.214036
0.020391
-0.174030
-0.361833
-0.535876
-0.689543
-0.816989
-0.913369
-0.975017
-0.999589
-0.986150
-0.935213
-0.848713
-0.729940
-0.583411
-0.414697
-0.230214
-0.036976
0.157667
0.346315
0.521794
0.677432
0.807309
0.906488
0.971197
0.998975
0.988766
0.940959
0.857371
0.741181
0.596806
0.429738
0.246328
0.053552
-0.141261
-0.330702
-0.507568
-0.665134
-0.797407
-0.899357
-0.967110
-0.998086
-0.991110
-0.946446
-0.865793
-0.752217
-0.610037
-0.444660
-0.262375
-0.070112
0.124816
0.314998
0.493203
0.652652
0.787285
0.891979
0.962756
0.996923
0.993181
0.951673
0.873976
0.763046
0.623100
0.459460
0.278349
0.086654
-0.108337
-0.299208
-0.478701
-0.639992
-0.776946
-0.884356
-0.958138
-0.995485
-0.994979
-0.956637
-0.881919
-0.773665
-0.635992
-0.474134
-0.294247
-0.103171
0.091828
0.283335
0.464068
0.627155
0.766393
0.876489
0.953255
0.993773
0.996502
0.961339
0.889619
0.784071
0.648708
0.488677
0.310064
0.119660
-0.075293
-0.267384
-0.449307
-0.614145
-0.755629
-0.868380
-0.948111
-0.991788
-0.997752
-0.965775
-0.897074
-0.794261
-0.661246
-0.503086
-0.325796
-0.136117
0.058738
0.251359
0.434422
0.600966
0.744658
0.860033
0.942705
0.989529
0.998726
0.969946
0.904282
0.804233
0.673601
0.517356
0.341437
0.152535
-0.042167
-0.235266
-0.419418
-0.587622
-0.733481
-0.851449
-0.937040
-0.986999
-0.999426
-0.973849
-0.911242
-0.813983
-0.685772
-0.531483
-0.356985
-0.168912
0.025584
0.219107
0.404298
0.574116
0.722102
0.842630
0.931116
0.984196
0.999851
0.977485
0.917950
0.823509
0.697753
0.545465
0.372435
0.185242
-0.008994
-0.202888
-0.389067
-0.560452
-0.710525
-0.833580
-0.924937
-0.981122
-1.000000
-0.980851
-0.924405
-0.832808
-0.709542
-0.559296
-0.387782
-0.201522
-0.007599
0.186613
0.373729
0.546634
0.698752
0.824300
0.918502
0.977778
0.999874
0.983948
0.930606
0.841878
0.721136
0.572973
0.403022
0.217745
0.024189
-0.170287
-0.358288
-0.532665
-0.686786
-0.814792
-0.911815
-0.974166
-0.999472
-0.986773
-0.936551
-0.850716
-0.732532
-0.586492
-0.418151
-0.233909
-0.040773
0.153914
0.342748
0.518549
0.674632
0.805061
0.904877
0.970284
0.998796
0.989327
0.942238
0.859320
0.743726
0.599850
0.433165
0.250009
0.057345
-0.137499
-0.327114
-0.504291
-0.662292
-0.795108
-0.897690
-0.966136
-0.997844
-0.991609
-0.947666
-0.867688
-0.754715
-0.613043
-0.448060
-0.266039
-0.073902
0.121046
0.311390
0.489894
0.649769
0.784936
0.890255
0.961722
0.996618
0.993617
0.952833
0.875816
0.765496
0.626067
0.462832
0.281997
0.090438
-0.104559
-0.295580
-0.475362
-0.637068
-0.774548
-0.882576
-0.957043
-0.995117
-0.995352
-0.957737
-0.883704
-0.776067
-0.638919
-0.477476
-0.297876
-0.106950
0.088044
0.279689
0.460699
0.624191
0.763947
0.874653
0.952100
0.993343
0.996813
0.962378
0.891348
0.786423
0.651595
0.491988
0.313674
0.123432
-0.071504
-0.263721
-0.445910
-0.611142
-0.753135
-0.866490
-0.946896
-0.991295
-0.997999
-0.966754
-0.898747
-0.796564
-0.664091
-0.506366
512.000000
100.000000
1.000000
100.000000
