190.125
190.605651855
191.086303711
191.566955566
192.047607422
192.528259277
193.008911133
193.489562988
193.970214844
194.450866699
194.931518555
195.41217041
195.892822266
196.373474121
196.854125977
197.334777832
197.815429688
198.296081543
198.776733398
199.257385254
199.738037109
200.218688965
200.69934082
201.179992676
201.660644531
202.141296387
202.621948242
203.102600098
203.583251953
204.063903809
204.544555664
205.02520752
205.505859375
205.98651123
206.467163086
206.947814941
207.428466797
207.909118652
208.389770508
208.870422363
209.351074219
209.831726074
210.31237793
210.793029785
211.273681641
211.754333496
212.234985352
212.715637207
213.196289062
213.676940918
214.157592773
214.638244629
215.118896484
215.59954834
216.080200195
216.560852051
217.041503906
217.522155762
218.002807617
218.483459473
218.964111328
219.444763184
219.925415039
220.406066895
220.88671875
221.367370605
221.848022461
222.328674316
222.809326172
223.289978027
223.770629883
224.251281738
224.731933594
225.212585449
225.693237305
226.17388916
226.654541016
227.135192871
227.615844727
228.096496582
228.577148438
229.057800293
229.538452148
230.019104004
230.499755859
230.980407715
231.46105957
231.941711426
232.422363281
232.903015137
233.383666992
233.864318848
234.344970703
234.825622559
235.306274414
235.78692627
236.267578125
236.74822998
237.228881836
237.709533691
238.190185547
238.670837402
239.151489258
239.632141113
240.112792969
240.593444824
241.07409668
241.554748535
242.035400391
242.516052246
242.996704102
243.477355957
243.958007812
244.438659668
244.919311523
245.399963379
245.880615234
246.36126709
246.841918945
247.322570801
247.803222656
248.283874512
248.764526367
249.245178223
249.725830078
250.206481934
250.687133789
251.167785645
251.6484375
252.129089355
252.609741211
253.090393066
253.571044922
254.051696777
254.532348633
255.013000488
255.493652344
255.974304199
256.454956055
256.93560791
257.416259766
257.896911621
258.377563477
258.858215332
259.338867188
259.819519043
260.300170898
260.780822754
261.261474609
261.742126465
262.22277832
262.703430176
263.184082031
263.664733887
264.145385742
264.626037598
265.106689453
265.587341309
266.067993164
266.54864502
267.029296875
267.50994873
267.990600586
268.471252441
268.951904297
269.432556152
269.913208008
270.393859863
270.874511719
271.355163574
271.83581543
272.316467285
272.797119141
273.277770996
273.758422852
274.239074707
274.719726562
275.200378418
275.681030273
276.161682129
276.642333984
277.12298584
277.603637695
278.084289551
278.564941406
279.045593262
279.526245117
280.006896973
280.487548828
280.968200684
281.448852539
281.929504395
282.41015625
282.890808105
283.371459961
283.852111816
