530.125
530.605651855
531.086303711
531.566955566
532.047607422
532.528259277
533.008911133
533.489562988
533.970214844
534.450866699
534.931518555
535.41217041
535.892822266
536.373474121
536.854125977
537.334777832
537.815429688
538.296081543
538.776733398
539.257385254
539.738037109
540.218688965
540.69934082
541.179992676
541.660644531
542.141296387
542.621948242
543.102600098
543.583251953
544.063903809
544.544555664
545.02520752
545.505859375
545.98651123
546.467163086
546.947814941
547.428466797
547.909118652
548.389770508
548.870422363
549.351074219
549.831726074
550.31237793
550.793029785
551.273681641
551.754333496
552.234985352
552.715637207
553.196289062
553.676940918
554.157592773
554.638244629
555.118896484
555.59954834
556.080200195
556.560852051
557.041503906
557.522155762
558.002807617
558.483459473
558.964111328
559.444763184
559.925415039
560.406066895
560.88671875
561.367370605
561.848022461
562.328674316
562.809326172
563.289978027
563.770629883
564.251281738
564.731933594
565.212585449
565.693237305
566.17388916
566.654541016
567.135192871
567.615844727
568.096496582
568.577148438
569.057800293
569.538452148
570.019104004
570.499755859
570.980407715
571.46105957
571.941711426
572.422363281
572.903015137
573.383666992
573.864318848
574.344970703
574.825622559
575.306274414
575.78692627
576.267578125
576.74822998
577.228881836
577.709533691
578.190185547
578.670837402
579.151489258
579.632141113
580.112792969
580.593444824
581.07409668
581.554748535
582.035400391
582.516052246
582.996704102
583.477355957
583.958007812
584.438659668
584.919311523
585.399963379
585.880615234
586.36126709
586.841918945
587.322570801
587.803222656
588.283874512
588.764526367
589.245178223
589.725830078
590.206481934
590.687133789
591.167785645
591.6484375
592.129089355
592.609741211
593.090393066
593.571044922
594.051696777
594.532348633
595.013000488
595.493652344
595.974304199
596.454956055
596.93560791
597.416259766
597.896911621
598.377563477
598.858215332
599.338867188
599.819519043
600.300170898
600.780822754
601.261474609
601.742126465
602.22277832
602.703430176
603.184082031
603.664733887
604.145385742
604.626037598
605.106689453
605.587341309
606.067993164
606.54864502
607.029296875
607.50994873
607.990600586
608.471252441
608.951904297
609.432556152
609.913208008
610.393859863
610.874511719
611.355163574
611.83581543
612.316467285
612.797119141
613.277770996
613.758422852
614.239074707
614.719726562
615.200378418
615.681030273
616.161682129
616.642333984
617.12298584
617.603637695
618.084289551
618.564941406
619.045593262
619.526245117
620.006896973
620.487548828
620.968200684
621.448852539
621.929504395
622.41015625
622.890808105
623.371459961
623.852111816
