778.06987241
727.80153631
748.361257946
734.385552113
721.359937841
570.091475538
646.287235726
663.013629591
573.644080441
584.188785672
563.598568633
504.413869537
513.0366596
509.080231842
547.858713415
470.819207862
482.18064351
487.659765151
492.811503137
478.452007965
493.328830178
511.489974111
525.57836541
560.50533515
469.070860746
506.946464183
570.237145537
472.033218381
438.993167538
516.449459001
407.533933451
486.529128064
390.411208643
464.795804968
505.778624352
481.215450224
518.057565187
496.825080127
558.449149606
444.846659873
523.337715714
525.769179397
527.708918144
543.942516569
490.537770696
464.506254192
557.517096214
565.044059558
508.581823751
515.514219158
494.847918729
486.039678285
477.282942774
474.63248167
477.923345961
532.120441076
504.660806539
535.382062531
663.854740808
892.821992957
1262.46226886
1672.18916614
2121.0496058
2681.79356987
3305.50283376
4103.38310917
5002.38521444
6001.4163542
7146.52625628
8431.17205898
9965.61855095
11743.8011956
13836.6348656
15710.0822021
18304.8350415
21049.0931394
24177.7414035
27913.8723129
31519.848973
35417.6027007
39273.366851
43000.3637454
46367.2216032
49450.2800761
52558.2603881
55351.1938941
57738.1145801
59605.6021614
60717.5322876
61293.7358563
61627.0764429
61408.0660587
60239.947059
59216.1129762
57552.6501113
56273.0908927
54501.3157471
52799.5343631
50883.065126
49113.3144835
47444.7415785
45536.2881125
43822.3361749
42418.0319576
40707.7224622
38977.172665
37497.1944789
35890.7140143
34584.6199392
32809.5196641
31285.3622676
29714.7427514
28039.2495268
26242.1668444
24377.7212466
22182.0586693
20476.1574378
18918.3539599
17351.674853
15908.0727671
14268.5204542
12783.8218753
11285.2347147
9953.12740755
8734.24667554
7573.29318832
6553.77967558
5594.57682012
4795.55587938
4031.1010985
3224.0302274
2799.6051978
2298.95421647
1766.78061962
1438.87041199
1070.77089569
784.095452605
555.004515424
542.320259879
522.183432622
466.83840688
500.926873912
525.914341264
504.917473848
497.257516371
512.17430091
449.55586095
447.461708825
502.156898942
478.845270512
477.65233055
502.443717646
520.287327589
500.636922561
525.336910934
460.804219369
536.836882178
495.803534006
435.368891906
447.545760673
476.017309165
517.302158811
548.101967357
480.633261977
448.762334124
487.039848164
497.324977359
516.377798562
419.361351653
433.164736896
456.443431816
464.046188535
461.013480407
512.835157542
461.150113535
451.402840504
494.248946836
449.114260283
580.158707481
488.079574901
456.91621656
447.396694116
442.957860322
496.812908636
491.187403872
515.806629031
469.697119904
516.125447609
417.29370733
435.326041175
480.669139352
471.652422084
423.462013035
470.857290885
468.193914452
519.352235618
